v:=[-1434517664964444836229883525221665654811721278967027348529102492081660883579181878372328335888380108220974024293181167327195710896946435531825398238310639004249465655569193870984309941207040000,
-7172588324822224181149417626108328274058606394835136742645512460408304417895909391861641679441900541104870121465905836635978554484732177659126991191553195021247328277845969354921549706035200000,
-14345176649644448362298835252216656548117212789670273485291024920816608835791818783723283358883801082209740242931811673271957108969464355318253982383106390042494656555691938709843099412070400000,
-14345176649644448362298835252216656548117212789670273485291024920816608835791818783723283358883801082209740242931811673271957108969464355318253982383106390042494656555691938709843099412070400000,
-7172588324822224181149417626108328274058606396166800555838095597285658734512770645168887056339289727721267769907299030641785146477702102631454936002548887964930808974719153268333397959858192384,
-1434517664964444836229883525221665654811721285625346414492018176468432466663488144908555220375326041302962266500147137356228670861796060393465122293289103722666869139935113438043551210322001920,
-13316638131925831368773543166168612533072453768973891866163976484413931940058065919929699249723279448109956929436834806968731839134118482538229923840,
-13316638131925831368773543166168612533072453768973891866163976484413931940058065919929699249723279448109956929436834806968731839134118482538229923840,
-6658319065962915684386771583084306266536226884494999908820539009056284633574045877271221870019583824236466822065911964739252952439844951390151802880,
-1331663813192583136877354316616861253307245376937659065309151482687986511730871178524831150762048445718437479681156286971308348277340398859007197184,
-80539757385507668493186635450129173063722451579441001814883573474945612548870328727857101210368409600,
-80539757385507668493186635450129173063722451579441001814883573474945612548870328727857101210368409600,
-40269878692753834246593317725064586531861225789685618425877090728090964711925176317891414935058086400,
-8053975738550766849318663545012917306372245157769687773664877300585353442337092642600031770406248960,
348824815646960093818415625099880460371356701261184000,
348824815646960093818415625099880460371356701261184000,
174412407823480046909207812549940230185678350630634875,
34882481564696009381841562509988046037135670126332775, 428750, 428750, 214375,
42875];
